5 x 2 x 3 x 4

array([[0.98407993, 0.96998987],
       [0.16872081, 0.27833177],
       [0.37576604, 0.78637874],
       [0.7994863 , 0.81973275],
       [0.78447914, 0.5881856 ]])

array([[0.87431292, 0.72407613, 0.68186033],
       [0.44569943, 0.5958281 , 0.04518491]])

array([[0.11816715, 0.40510364, 0.39550353, 0.75997377],
       [0.58438655, 0.98887059, 0.93452852, 0.66615964],
       [0.11430787, 0.79070813, 0.84976748, 0.37439602]])]








[
array([[0.90299557, 0.21863278],
       [0.36630847, 0.81424485],
       [0.88994702, 0.93209538],
       [0.51040737, 0.35243623],
       [0.42050789, 0.75804481]]),

array([[0.13023389, 0.49994499, 0.64102561],
       [0.2226388 , 0.05811085, 0.14723544]]),

array([[0.05760231, 0.47031519, 0.89956188, 0.90210598],
       [0.04271259, 0.69353167, 0.20450623, 0.44723054],
       [0.55962699, 0.36415637, 0.67167587, 0.8964469 ]])
]
